87556401
250086235
87557001
87557157
87558163
87558397
87560124
13635619
262673016
262673273
221255334
87563213
9969307
205529304
87564818
111158140
33564005
166208944
245900784
155199093
203958134
166209502
253766925
213921058
181940296
203960672
203960697
203960707
203960840
203960845
203960841
203960851
203960855
203960862
203960914
203960916
203960952
203960964
36188812
203960975
203961026
203961052
203961125
203961147
203961169
252720992
143144978
250099753
250099921
250100139
53492237
88096885
220741858
246432064
144197460
144198306
124275744
144199447
246960313
255349730
147873300
83910574
147873788
262693032
248540527
70806893
42496586
252211869
186676376
249591076
243300456
192970180
250117849
250118468
166233431
203982877
33065672
129010866
210276664
102797694
210276967
175150254
175150267
262706662
210278015
210278452
210278471
230201510
111712435
210278948
210279181
210279196
249600827
178297848
210279490
249601277
210279841
249601462
210279892
249601697
210280121
36740931
210280335
249602001
249602668
83930047
203992149
203992243
203992328
203992378
89698759
12107818
249610710
174113468
190367084
203998899
203998915
203999042
203999080
203999095
252757905
144230422
104908913
108055389
136891407
138989666
262198965
52484184
2152895
249093147
54583105
183034117
114876967
202957538
114877982
144763130
213969882
213969881
155778757
239142056
254871744
254871760
254871792
36767996
11078812
63507919
260640691
226562217
262213883
46732905
35723131
35723368
197729017
197730935
114894597
116470301
116470590
177813776
208748014
208748025
262749764
162087391
262227178
82921009
74532664
205081143
12671823
206134891
196175015
207709582
262235674
57763788
254896486
254896507
254896526
251751008
254896768
254896809
254896794
254896832
254896847
254896890
254896904
254896992
254897050
208760933
242841242
249657398
204044482
252279274
249657975
139033619
108102585
35227126
222399161
172067531
222399232
207194970
263294035
249662613
70880515
204049817
206147376
206147399
206147748
17928527
239178180
172069313
206673684
135370586
39951047
248619617
168404037
198289547
63548262
229747995
11119985
7973548
262779574
251770063
262780647
198817566
242859748
251772917
251772966
251773322
204064320
204064369
204064371
204064409
204064447
204064488
204064542
205113157
113887120
204064755
204064746
204064846
204064868
204064908
204064916
204065025
204065053
204065056
204065101
204065506
205115266
253350227
262787489
262787502
205116826
34723602
242866154
218750573
34725666
74571640
107077858
77718785
35251478
248113986
127528127
248638676
24243874
229764828
25293276
251262713
251262923
127531945
251265261
251265281
251265271
251265307
251265309
251265341
251265337
251265358
207749479
207749486
251265401
251265412
251265414
251265476
7470553
251265495
251265500
251265507
248644380
229770132
13763748
251267028
251267032
251267048
200935495
127537280
242881295
258610145
242882260
84549047
10102128
212479704
212479746
212479743
212479761
262811657
63582317
206713368
73544502
205666051
184698105
262818198
189420388
205673512
153770931
45244396
63595377
54683588
262301764
162163898
63598759
207255107
214595306
63600586
185235526
262830165
202012916
207256868
19562427
205685450
205685551
248154660
229805345
229805444
262835627
36869362
205690661
262838603
205691354
262839195
242391973
262839280
205691936
215129246
215129265
215129295
215129302
215129303
215129312
215129358
215129353
215129351
215129375
215129393
215129437
215129440
215129445
215129477
215129479
215129516
215129524
215129534
215129548
215129560
215129541
215129617
215129592
215129611
215129629
215129627
215129641
215129650
205692600
134389899
252356056
252357193
207268453
252882714
91403505
207271258
262845891
262845989
262846146
204650196
262846190
261798479
252887336
100319951
91932472
198364422
217763386
193647601
195745514
171104261
204658727
204658871
209377538
91937597
209378834
207281745
91938807
91940010
97708090
207285065
209907468
14348102
162197629
209907945
196800922
209908200
209908633
209909083
258668703
91945133
38467919
261815158
207289508
210959895
197329296
129172465
206244672
197856197
197856522
91950879
10686361
206246426
262346337
247666472
195238171
242424871
7543425
215162868
207299029
207299276
52112865
10170131
263401984
128660837
263403786
263403811
206781402
206781406
206781415
162217485
37961414
166412645
207831478
35865497
44778879
87771852
129714951
219369225
193155919
45832109
127097023
54745696
261839476
52649533
52649547
52649551
52649564
52649555
121331576
180576324
38495219
173237581
173238278
167473816
130773904
260797947
248215260
167475454
20150585
129727779
109281355
167477366
167477772
180585063
167478124
149128429
180585865
52659820
52659824
71011303
149655340
167481417
248746103
198414835
59478772
260805654
197366896
167483500
260807322
127113936
127114141
260807619
6528635
180592620
116106095
116106183
260810317
107195032
215723322
246136752
197379419
207341537
200528988
187946670
185851073
242999577
215738858
12316293
207876075
110360088
139196211
200539150
173276282
186909064
251921456
107219238
248777924
149688054
173281156
206836167
200546939
248783003
200548604
243017139
246162959
200550020
205793001
75769663
200551129
143406068
217332235
114572377
114572403
114572449
114572652
114572662
203703280
203703583
203704047
261900461
261900631
261900853
242502865
205278683
191123281
242504261
201610324
201610378
205280846
77879001
198465853
139222915
205285722
205286057
205810478
2386945
225209672
225210590
225210603
87851659
87851737
87851730
87851756
36995833
12354438
247238593
247238807
205297523
203200763
150247761
205298840
94674261
207397535
83665733
193767656
150252282
203730958
203730972
203731026
178041627
178041869
178041921
247247956
178042194
205829661
178042421
178042430
178042439
178042482
178042489
205829900
205829904
205829906
13940547
247249283
227326580
137675299
137675321
137675369
55886475
137675537
137675541
137676203
137676419
137676428
137676509
137676504
137676513
71092007
21284912
137676921
23383685
237819237
246209066
201121651
108324598
214757478
107278644
115667335
247788323
247788420
214234034
247788646
247788699
214760217
176488082
126158085
80021389
225249714
253041020
115677940
247275270
106242035
10297936
243082353
76359080
143468129
143468298
262482056
40184664
164965404
243084656
243084989
246755238
262483955
202715453
192754653
228930728
164968086
164968515
261961817
174932071
192757872
225263759
202719601
206914169
248858613
164972793
140331433
192761524
176508941
178606776
247288733
202724634
240474641
248865886
246770166
108358268
178088896
222655805
7697437
7697454
7697522
261978801
261978823
261978845
261978851
261978931
261978932
261978937
261979001
261979037
261979052
261979067
261979084
261979142
261979157
53836822
138771951
53837414
179142316
53837553
179142419
53838886
257787201
53839583
53839813
53840242
205886057
173380362
214798971
248353725
253073394
9803081
54368341
230004864
230005869
205889379
261988228
254124238
120431463
192259825
192784272
248884068
205892589
244690356
36023947
192786153
207990670
52277277
111521985
244167141
45463834
57522629
261995759
245218785
115196180
199607003
178111489
263047165
242075879
190695872
207997494
262524753
263573515
263573516
263573576
263573578
263573581
263573593
263573693
263573701
263573803
263573936
83743179
195940874
54383608
54383631
253614654
253614911
136699272
196469884
190702768
249947528
190702979
190703156
150857577
190703501
150857989
161869519
165015382
154530131
262533668
253620976
144045034
144046174
154532108
154532215
154532335
54393642
54393657
54393665
54393674
161874320
225314670
215878052
31855083
228987720
215881061
130422290
228988486
41293717
212211917
212211925
130423003
228989781
109976728
95296908
130425293
102638291
251536679
251536661
251536700
251536707
251536737
251536925
251536923
251536952
251536998
251537022
245769955
199108529
215886021
248916220
253111307
215887031
216935800
242102470
245773668
214841295
69090355
199638230
202784141
202784158
202784196
202784229
202784240
202784251
253116073
202785989
202786108
202787474
202788110
202788159
161894761
206984985
251550541
210132074
245784317
206987457
206987459
198074821
206987830
263087695
245787203
116813643
198079078
14054194
202798804
202799211
206470218
254181075
83788044
205422991
41321260
187598558
91129745
206473684
186552167
263099547
263099604
263100423
253664020
263625495
164536069
246850985
246851142
162966789
246852873
7253439
246853057
153530111
212251398
199144320
251573204
212251743
212251749
199144679
212251981
212251999
212252157
253146662
246856167
246856195
54442551
54442554
54442572
246856721
246856779
93764811
263110063
129416808
206488185
221692672
208062183
162973658
162976249
212260370
41343279
80665479
250010817
164552469
107405220
31908911
31909260
144631305
14083682
208071217
199684298
199684319
205977423
251590785
251590836
9370172
247922159
104791896
38208053
94306870
104792902
104794757
262082309
263655215
204411026
204411091
204411099
113709617
113709632
113709643
113709695
16197757
92743919
217524778
92744455
208613149
225915740
26162099
217528573
150946988
150947006
253184152
243223165
140987470
146232045
253186947
204429541
242703693
204430928
247950409
253193479
178745135
259485900
12023133
204437406
204437685
204437733
204437759
109017703
242712795
189235633
49250760
251102827
177703021
177703051
177703093
177703218
177703256
177703356
177703395
177703412
177703463
242716498
242717078
2069457
107975641
242717741
74421745
247437307
207067802
209165145
209165158
146250691
209165308
257925319
243245471
23569151
221225764
16753510
261072979
208120165
262646337
204450798
248491779
242200601
242200678
248492481
208122526
248493276
249017750
248494132
68139092
248494625
248494657
248495222
93830430
248495488
190824033
206553261
206553272
206553302
206553308
248496424
206553412
206553432
206553450
248496686
206553941
206553948
206553965
206553980
206554056
206554060
190826135
247449409
244306095
195548070
176150593
221239902
183491790
259514222
163569552
87547798
163569558
87548184
163570467
163570490
163570579
163570578
87548845
163570619
163570657
87549039
87549360
200795801
210757803
46655824
87550755
210758473
87550859
74443873
252177965
200797882
200797942
87551805
153612232
121106476
200798555
200798618
200798638
200798631
87552652
200799084
200799123
87552969
200799409
210761027
87553574
87553797
200800067
87554029
200800257
200800397
245889367
87555421
87555783
87557001
87558397
262673016
87557157
87556401
111158140
205529304
166208944
262673273
87560124
245900784
87558163
13635619
87564818
221255334
253766925
250086235
213921058
9969307
203960672
155199093
181940296
203960697
33564005
203960707
203960914
203958134
203960840
87563213
203960916
203960845
36188812
203960841
203960851
203960964
203960855
203960975
203961052
203960952
203961125
203961147
250099921
203961169
53492237
250100139
203960862
252720992
246432064
88096885
220741858
250099753
144197460
144199447
144198306
255349730
203961026
147873300
262693032
246960313
70806893
124275744
252211869
83910574
248540527
243300456
250117849
147873788
186676376
203982877
166209502
250118468
129010866
42496586
33065672
102797694
249591076
143144978
210276664
262706662
192970180
175150267
210276967
210278015
111712435
175150254
210278452
210278948
210278471
210279196
210279181
230201510
210279841
249600827
210280121
249601277
249601462
210279892
36740931
210279490
203992149
166233431
210280335
249601697
249602001
203992243
249602668
89698759
203992378
83930047
203992328
178297848
12107818
249610710
174113468
203999042
190367084
203998899
203999080
104908913
203998915
144230422
252757905
203999095
136891407
108055389
249093147
2152895
52484184
202957538
114876967
262198965
138989666
183034117
114877982
155778757
213969882
144763130
36767996
213969881
11078812
239142056
63507919
254871744
35723131
254871792
254871760
46732905
197729017
260640691
262749764
226562217
54583105
116470301
162087391
116470590
114894597
82921009
208748014
12671823
208748025
196175015
262227178
205081143
254896526
74532664
207709582
254896768
35723368
177813776
57763788
254896809
262235674
254896486
254896847
262213883
254896904
197730935
254897050
254896992
251751008
208760933
254896507
204044482
254896794
222399161
254896832
252279274
222399232
254896890
35227126
70880515
206134891
249662613
204049817
249657975
249657398
139033619
242841242
206147376
108102585
206147748
172067531
39951047
198289547
63548262
207194970
263294035
17928527
262779574
172069313
262780647
206147399
239178180
206673684
251772966
135370586
204064369
248619617
204064371
168404037
204064409
11119985
205113157
204064488
251773322
229747995
204064447
204064846
251770063
198817566
204064908
204065025
251772917
204065053
204064320
205115266
204065506
113887120
204064746
204064542
242859748
253350227
204064755
242866154
204064868
205116826
34725666
204064916
77718785
204065056
35251478
204065101
229764828
24243874
262787489
25293276
34723602
251265281
218750573
262787502
251265271
74571640
251265309
107077858
251265358
251265337
248113986
207749479
127528127
251265414
251265476
248638676
251262713
251265500
251265495
251262923
13763748
127531945
251265507
248644380
229770132
251265261
251267048
251267032
251265341
251265307
200935495
207749486
251265412
242881295
251265401
258610145
242882260
251267028
212479743
10102128
127537280
212479746
262811657
212479761
262818198
84549047
206713368
73544502
212479704
205666051
184698105
63582317
189420388
153770931
63595377
45244396
162163898
54683588
205673512
214595306
63598759
207255107
262301764
63600586
185235526
202012916
262830165
248154660
205685450
229805345
205685551
205691354
262838603
262839280
207256868
36869362
19562427
229805444
262835627
262839195
242391973
205690661
215129302
215129265
215129295
215129303
215129246
215129312
205691936
215129479
215129393
215129592
215129548
215129534
215129437
215129516
215129351
215129445
215129477
215129353
215129375
215129560
215129611
215129524
215129440
215129541
215129617
215129629
252356056
215129358
252882714
215129641
262845891
205692600
215129650
262846146
134389899
91403505
261798479
215129627
262846190
252357193
262845989
193647601
207268453
252887336
209377538
207271258
209378834
204650196
91938807
100319951
91940010
91932472
207285065
14348102
198364422
209907945
217763386
195745514
209908633
209909083
171104261
258668703
91945133
261815158
204658727
210959895
204658871
197329296
207281745
91937597
197856197
209907468
162197629
262346337
195238171
196800922
209908200
215162868
38467919
207289508
207299276
206246426
206244672
52112865
129172465
128660837
10170131
197856522
263403786
263401984
91950879
97708090
10686361
206781402
247666472
206781415
242424871
37961414
219369225
166412645
207299029
87771852
193155919
263403811
127097023
206781406
45832109
54745696
162217485
52649533
35865497
207831478
38495219
44778879
173237581
173238278
129714951
130773904
261839476
260797947
52649551
20150585
167473816
52649547
248215260
52649564
167475454
121331576
167477772
52649555
149128429
167477366
180576324
52659820
180585063
129727779
180585865
109281355
198414835
52659824
167478124
260805654
167481417
71011303
59478772
149655340
167483500
127114141
6528635
197366896
180592620
127113936
197379419
260807322
260810317
116106183
260807619
187946670
248746103
215723322
107195032
207341537
200528988
207876075
110360088
242999577
116106095
139196211
251921456
215738858
186909064
185851073
107219238
12316293
149688054
246136752
200539150
246162959
173276282
173281156
200546939
243017139
206836167
248783003
200550020
200548604
205793001
143406068
200551129
217332235
248777924
114572403
114572662
75769663
114572449
114572377
203703280
203704047
114572652
261900631
203703583
261900461
261900853
242502865
205278683
191123281
201610378
242504261
205285722
201610324
139222915
205286057
198465853
205280846
77879001
225209672
2386945
87851730
225210603
225210590
87851659
205810478
247238593
87851737
150247761
247238807
36995833
94674261
205298840
83665733
87851756
203730958
150252282
12354438
203200763
203730972
178041627
205297523
203731026
247247956
207397535
178041921
178042194
193767656
178041869
178042439
178042430
205829661
205829900
178042482
178042421
178042489
205829904
205829906
13940547
137675321
227326580
55886475
247249283
137675299
137675537
137675369
137676419
137676509
137676203
21284912
137675541
137676428
23383685
201121651
137676504
237819237
115667335
71092007
137676921
247788323
137676513
107278644
246209066
214234034
247788699
108324598
247788646
214757478
214760217
247788420
176488082
80021389
247275270
126158085
253041020
10297936
262482056
106242035
225249714
115677940
243082353
164965404
76359080
143468129
246755238
143468298
202715453
40184664
228930728
243084989
192757872
164968515
243084656
225263759
261961817
262483955
140331433
192754653
174932071
206914169
164968086
192761524
176508941
248858613
202719601
248865886
164972793
178606776
246770166
247288733
7973548
108358268
202724634
178088896
222655805
261978801
240474641
261978851
261978823
261978937
261979001
261979037
261978845
261979084
261979157
261978932
138771951
261978931
53837414
261979052
179142419
53838886
261979067
257787201
261979142
205886057
53836822
173380362
53840242
179142316
54368341
53837553
230005869
53839583
254124238
53839813
120431463
214798971
261988228
192259825
248884068
248353725
192784272
253073394
244690356
192786153
230004864
205889379
111521985
205892589
45463834
36023947
57522629
245218785
207990670
199607003
52277277
242075879
115196180
244167141
178111489
263047165
261995759
263573515
207997494
7470553
190695872
263573581
263573593
262524753
263573701
263573576
263573936
54383608
263573578
54383631
253614654
263573516
263573693
190702768
263573803
190702979
83743179
190703501
150857989
195940874
161869519
253614911
165015382
136699272
196469884
253620976
154532108
249947528
154532215
190703156
154532335
54393642
150857577
54393665
154530131
161874320
225314670
262533668
54393674
144045034
215878052
31855083
212211917
144046174
228987720
215881061
54393657
109976728
228988486
130422290
228989781
41293717
95296908
212211925
130425293
130423003
251536737
251536661
102638291
251536925
251536700
251536679
251536923
251536707
245769955
251536952
215886021
251536998
248916220
242102470
251537022
199108529
253111307
245773668
214841295
215887031
69090355
202784141
199638230
202784158
202784229
202784196
202784240
202785989
202784251
253116073
202788110
202786108
216935800
202787474
251550541
161894761
245784317
202788159
206987457
206984985
210132074
198074821
206987459
206987830
263087695
198079078
14054194
206470218
202798804
254181075
116813643
205422991
83788044
41321260
202799211
91129745
263099547
187598558
186552167
263099604
206473684
245787203
263100423
253664020
263625495
164536069
246850985
162966789
246851142
153530111
246853057
246852873
251573204
7253439
212251743
212251749
199144320
199144679
212251999
212251398
246856167
212251981
253146662
54442554
212252157
54442551
246856779
246856195
54442572
263110063
93764811
246856721
129416808
221692672
162976249
208062183
206488185
212260370
80665479
162973658
31909260
41343279
107405220
31908911
164552469
144631305
208071217
250010817
199684298
14083682
199684319
251590785
38208053
94306870
251590836
205977423
104792902
104791896
262082309
204411091
247922159
113709617
104794757
113709632
113709695
92743919
204411026
113709643
92744455
217524778
208613149
204411099
16197757
217528573
26162099
225915740
263655215
150947006
150946988
243223165
146232045
253184152
253186947
140987470
242703693
7543425
204430928
204429541
178745135
253193479
247950409
204437759
12023133
49250760
204437685
251102827
259485900
177703051
204437406
177703256
177703093
204437733
109017703
177703356
177703395
242712795
177703463
189235633
177703412
242717078
177703021
2069457
107975641
74421745
177703218
242717741
247437307
207067802
242716498
209165158
209165308
209165145
243245471
257925319
146250691
23569151
16753510
261072979
221225764
204450798
262646337
248492481
208120165
248493276
248491779
208122526
248494132
242200601
68139092
248495222
242200678
249017750
93830430
206553272
248494625
248494657
190824033
248495488
248496424
206553450
206553261
248496686
206553948
206553980
206554056
206553308
247449409
206553412
206553432
244306095
221239902
259514222
206553941
206553302
206553965
87547798
163569552
206554060
163569558
163570467
190826135
195548070
163570579
176150593
163570619
163570578
183491790
87549360
87549039
210757803
163570490
87550755
200795801
87550859
46655824
87548845
163570657
210758473
74443873
200797942
87551805
252177965
87548184
200798555
200797882
153612232
121106476
200798618
87552652
200798631
200799084
200798638
200799123
87552969
210761027
200799409
87553797
87553574
87554029
200800397
200800067
87555783
200800257
245889367
87555421
7697437
7697522
7697454
9803081
9370172
250086235
87557001
87556401
87558397
205529304
87560124
262673016
87563213
111158140
87558163
221255334
87557157
155199093
87564818
33564005
262673273
166208944
253766925
203960672
245900784
181940296
9969307
203960697
13635619
203960841
203960840
203958134
166209502
203960855
203960916
203960862
213921058
203960952
203960707
203960975
36188812
203960914
203961052
203961147
203961125
203960845
203960851
203961026
203961169
250099753
53492237
203960964
250099921
143144978
144199447
88096885
252720992
144197460
250100139
220741858
147873300
246432064
147873788
144198306
124275744
255349730
83910574
262693032
70806893
250117849
246960313
248540527
250118468
33065672
42496586
166233431
252211869
203982877
210276664
102797694
186676376
210276967
129010866
243300456
262706662
192970180
111712435
210278452
210278471
249591076
175150254
175150267
210279196
249601277
249600827
210278015
249601697
210279490
230201510
210280121
210278948
210280335
210279181
178297848
36740931
83930047
210279841
203992378
203992243
210279892
12107818
249602001
203998899
203992149
203992328
252757905
89698759
104908913
249610710
144230422
190367084
262198965
203999042
203999095
174113468
54583105
249601462
114876967
203998915
114877982
213969882
203999080
202957538
144763130
249602668
213969881
136891407
254871744
108055389
254871760
52484184
254871792
260640691
11078812
183034117
262213883
226562217
35723131
239142056
138989666
63507919
155778757
35723368
249093147
2152895
36767996
116470301
46732905
197729017
208748025
116470590
197730935
208748014
177813776
82921009
114894597
207709582
262227178
57763788
262749764
205081143
74532664
254896486
162087391
196175015
12671823
251751008
254896507
206134891
262235674
254896526
254896832
254896768
254896890
254896794
254896809
204044482
208760933
254896992
254897050
249657975
35227126
242841242
172067531
254896847
207194970
252279274
222399161
254896904
108102585
222399232
70880515
204049817
263294035
206147376
206147399
206147748
249657398
249662613
206673684
239178180
17928527
172069313
139033619
63548262
39951047
135370586
248619617
168404037
198289547
11119985
262780647
229747995
251773322
251772966
204064371
251772917
251770063
204064409
198817566
204064488
204064542
204064320
205113157
242859748
204064746
204064369
204064868
204065053
204064755
204064916
204065056
204064846
204065025
204064908
204065101
113887120
262779574
204064447
204065506
262787489
253350227
74571640
262787502
242866154
205115266
107077858
205116826
34725666
24243874
77718785
34723602
25293276
218750573
248113986
251265261
35251478
251262713
248638676
229764828
127531945
251265271
251262923
251265307
251265281
251265476
127528127
251265358
251265309
207749479
251265341
248644380
251265412
251265337
229770132
251265414
207749486
251267032
251265401
13763748
200935495
242881295
251265495
127537280
258610145
251265500
84549047
242882260
251265507
10102128
212479761
251267028
251267048
212479704
184698105
205673512
45244396
212479743
262811657
63595377
63598759
212479746
262301764
63582317
207255107
206713368
214595306
205666051
262830165
262818198
189420388
73544502
205685551
153770931
229805345
229805444
36869362
205690661
262835627
162163898
63600586
185235526
262839195
202012916
205685450
262838603
54683588
19562427
205691354
248154660
242391973
262839280
215129302
207256868
215129303
215129312
215129351
215129353
215129265
215129295
215129437
215129358
215129375
215129440
215129479
205691936
215129534
215129393
215129445
215129477
215129548
215129246
215129516
215129524
215129592
215129560
215129617
215129611
215129627
215129541
215129629
205692600
215129641
215129650
134389899
252357193
252882714
252356056
91403505
207268453
262845891
207271258
100319951
261798479
204650196
198364422
262846146
91932472
171104261
262845989
204658727
217763386
252887336
91937597
204658871
262846190
195745514
209377538
193647601
91938807
207281745
209378834
207285065
209907945
91940010
14348102
209908200
258668703
209907468
97708090
209908633
196800922
207289508
209909083
261815158
197329296
129172465
91945133
197856522
210959895
10686361
206244672
91950879
206246426
197856197
162197629
262346337
247666472
215162868
38467919
242424871
52112865
207299029
263401984
128660837
207299276
206781406
263403786
10170131
263403811
166412645
206781402
162217485
37961414
195238171
206781415
207831478
44778879
35865497
193155919
87771852
127097023
129714951
261839476
52649533
219369225
52649551
52649555
45832109
180576324
38495219
173237581
52649547
121331576
54745696
167473816
167475454
130773904
20150585
109281355
167477772
248215260
167477366
260797947
180585063
129727779
149128429
180585865
52649564
167478124
173238278
52659824
198414835
248746103
167481417
71011303
59478772
52659820
260805654
127113936
149655340
127114141
197366896
260807322
260807619
6528635
116106095
167483500
200528988
116106183
242999577
260810317
107195032
246136752
197379419
215723322
180592620
139196211
187946670
110360088
207341537
185851073
215738858
207876075
12316293
251921456
200539150
173276282
248777924
186909064
205793001
200546939
149688054
243017139
200548604
246162959
200550020
75769663
206836167
248783003
173281156
114572377
217332235
143406068
114572403
200551129
203703583
203704047
114572449
114572652
261900853
261900631
203703280
114572662
242502865
191123281
205278683
261900461
242504261
201610378
201610324
205280846
205286057
205810478
77879001
107219238
205285722
139222915
87851730
87851756
12354438
2386945
225209672
247238593
225210590
150247761
205297523
87851737
94674261
205298840
207397535
198465853
225210603
193767656
87851659
83665733
36995833
150252282
247247956
247238807
203730972
178042194
203730958
178041627
205829661
203731026
178041869
178041921
178042421
178042430
178042489
178042439
205829904
203200763
205829900
205829906
247249283
13940547
55886475
137675369
137675321
137675537
178042482
137675299
137676203
137675541
137676419
137676428
137676504
137676509
137676513
71092007
246209066
21284912
107278644
214757478
23383685
247788323
237819237
227326580
137676921
115667335
247788646
108324598
247788420
126158085
214760217
201121651
247788699
176488082
225249714
115677940
80021389
253041020
106242035
247275270
214234034
10297936
143468129
243082353
143468298
164965404
76359080
243084989
40184664
262482056
243084656
228930728
246755238
262483955
164968515
192754653
261961817
202715453
174932071
164968086
225263759
164972793
192757872
206914169
202719601
140331433
178606776
176508941
247288733
248858613
240474641
202724634
192761524
246770166
178088896
248865886
222655805
261978823
261978801
261978931
261978851
261978845
261979037
261978937
261979052
261978932
261979067
261979001
108358268
261979142
261979084
53836822
261979157
179142316
53837553
53837414
257787201
179142419
138771951
53839813
53839583
53838886
214798971
53840242
205886057
173380362
248353725
230004864
253073394
230005869
7973548
192784272
205892589
54368341
248884068
205889379
192786153
254124238
207990670
120431463
52277277
45463834
192259825
57522629
244690356
245218785
36023947
199607003
244167141
178111489
261988228
111521985
263047165
261995759
207997494
115196180
263573515
262524753
242075879
263573576
263573516
190695872
263573578
263573581
263573593
263573693
263573803
263573701
195940874
263573936
54383631
136699272
83743179
253614911
190702979
54383608
196469884
253614654
190703156
190702768
150857577
249947528
161869519
262533668
190703501
165015382
154532108
144045034
7470553
154532215
150857989
253620976
154530131
154532335
54393657
144046174
54393674
54393665
54393642
215878052
161874320
225314670
31855083
130422290
228987720
212211925
212211917
215881061
228988486
228989781
102638291
41293717
95296908
251536661
130423003
251536679
251536707
251536700
109976728
251536923
251536952
130425293
251536925
251536737
251536998
251537022
245769955
199108529
215886021
248916220
216935800
215887031
253111307
245773668
214841295
242102470
69090355
202784141
199638230
202784196
202784158
202784229
202784240
202788110
202785989
202786108
202784251
202787474
202788159
253116073
251550541
161894761
206987457
206984985
198074821
245784317
210132074
245787203
263087695
206987459
198079078
206987830
202799211
116813643
254181075
14054194
91129745
205422991
202798804
83788044
206470218
206473684
41321260
263099547
263625495
187598558
263100423
186552167
263099604
253664020
246850985
164536069
162966789
246851142
246853057
246852873
153530111
212251749
212251981
7253439
251573204
212251999
212251398
212252157
199144320
54442572
246856167
212251743
246856721
246856779
199144679
93764811
263110063
253146662
129416808
54442551
221692672
246856195
162976249
212260370
54442554
41343279
80665479
206488185
208062183
31908911
162973658
31909260
144631305
14083682
205977423
250010817
199684298
107405220
251590836
251590785
164552469
104791896
94306870
208071217
7543425
38208053
199684319
104794757
263655215
262082309
247922159
204411026
104792902
204411099
113709617
204411091
92743919
113709632
92744455
16197757
113709695
26162099
217524778
113709643
208613149
217528573
225915740
150947006
140987470
150946988
204429541
243223165
247950409
242703693
204430928
253184152
178745135
146232045
253193479
12023133
253186947
204437733
204437685
259485900
189235633
204437759
204437406
242712795
109017703
49250760
177703051
177703021
177703093
177703395
251102827
177703256
177703218
242717078
177703356
177703412
107975641
242716498
2069457
177703463
242717741
207067802
247437307
209165158
257925319
209165145
261072979
16753510
74421745
208120165
146250691
262646337
209165308
248491779
243245471
23569151
248493276
208122526
221225764
248494132
204450798
249017750
68139092
242200678
248494625
242200601
248492481
248495222
248494657
248495488
206553272
190824033
206553302
93830430
206553261
248496424
206553308
206553450
206553412
206553432
206553941
248496686
206553948
206554056
206553965
206553980
176150593
206554060
190826135
247449409
195548070
259514222
163569552
244306095
221239902
183491790
87548184
163569558
163570467
163570579
163570578
163570490
163570619
87548845
200795801
163570657
210757803
87549360
46655824
87549039
87547798
87550755
210758473
252177965
74443873
87550859
87551805
200797942
200797882
121106476
153612232
200798618
200798631
200798555
200799123
200798638
200799084
87552652
200799409
87552969
210761027
87553574
87554029
87553797
200800397
87555421
200800067
87558397
200800257
87557157
245889367
262673016
87555783
87556401
87558163
262673273
205529304
13635619
111158140
221255334
213921058
166208944
87560124
87557001
203960672
245900784
181940296
87564818
203960697
203958134
253766925
203960840
250086235
203960914
9969307
87563213
155199093
33564005
203960841
203960707
203960855
203960851
203960845
203960952
36188812
203961052
203960916
203960975
53492237
203961125
203961169
250099921
203961147
250100139
203960964
203960862
246432064
220741858
252720992
88096885
144199447
250099753
255349730
147873300
144197460
262693032
246960313
144198306
70806893
252211869
203961026
124275744
248540527
243300456
83910574
147873788
250117849
186676376
250118468
203982877
42496586
166209502
33065672
102797694
249591076
143144978
262706662
175150267
210276664
175150254
129010866
192970180
111712435
210276967
210279196
210278948
210278015
210278471
210278452
210279181
230201510
210279841
7697437
249600827
249601277
210280121
210279892
249601462
36740931
7697522
166233431
210279490
210280335
7697454
203992149
249601697
249602001
89698759
249602668
203992243
203999042
203992378
203999080
83930047
178297848
144230422
249610710
12107818
190367084
203998899
174113468
252757905
104908913
203992328
203999095
9803081
249093147
52484184
203998915
2152895
262198965
136891407
108055389
138989666
144763130
114876967
183034117
202957538
36767996
114877982
213969881
11078812
155778757
63507919
46732905
213969882
35723131
254871792
254871744
239142056
197729017
254871760
260640691
54583105
262749764
116470590
226562217
114894597
162087391
116470301
196175015
208748025
82921009
74532664
208748014
12671823
207709582
177813776
254896768
262227178
205081143
254896526
254896486
35723368
262213883
208760933
57763788
197730935
262235674
254897050
254896992
254896809
254896507
254896847
204044482
254896832
254896904
252279274
254896890
251751008
222399232
206134891
254896794
70880515
249657398
222399161
249657975
139033619
108102585
249662613
206147748
39951047
204049817
207194970
206147376
17928527
262780647
262779574
242841242
206147399
172067531
198289547
35227126
172069313
239178180
63548262
206673684
135370586
251772966
263294035
204064369
248619617
204064409
204064371
251773322
168404037
11119985
204064447
205113157
229747995
204064908
204064488
198817566
204065025
251770063
204064320
113887120
204065053
204064846
251772917
242859748
204065506
205115266
204064542
205116826
242866154
204064746
204064916
253350227
34725666
35251478
204065056
204064868
229764828
25293276
204064755
77718785
251265281
24243874
262787502
262787489
204065101
218750573
34723602
251265271
127528127
74571640
107077858
251265500
207749479
251265358
251265476
251265507
251265337
251265495
248644380
248113986
13763748
251265414
251265261
251265309
248638676
251265341
200935495
251262713
207749486
251262923
258610145
251265412
127531945
242881295
229770132
127537280
251265401
251267048
262811657
10102128
251267032
251265307
212479746
84549047
242882260
205666051
206713368
212479743
63595377
184698105
251267028
162163898
212479761
189420388
205673512
54683588
262818198
73544502
63598759
63600586
212479704
202012916
63582317
262830165
248154660
153770931
205685450
45244396
205685551
229805345
207256868
214595306
262839280
36869362
262835627
207255107
185235526
229805444
215129302
205691354
205690661
215129265
262838603
215129295
215129312
19562427
205691936
215129592
262839195
262301764
215129437
242391973
215129393
215129303
215129516
215129351
215129246
215129375
215129445
215129548
215129560
215129353
215129479
215129534
215129477
215129611
215129541
9370172
215129524
215129440
215129358
262845891
215129629
252882714
215129617
205692600
261798479
134389899
252356056
91403505
193647601
215129641
252357193
262846190
215129650
262845989
209377538
262846146
207271258
215129627
207285065
209378834
207268453
204650196
252887336
100319951
91938807
195745514
91940010
258668703
198364422
91932472
204658727
209908633
14348102
171104261
210959895
217763386
207281745
204658871
209907945
197856197
209907468
209909083
162197629
196800922
261815158
195238171
91945133
215162868
197329296
91937597
209908200
197856522
207289508
262346337
129172465
38467919
91950879
207299276
10170131
97708090
206246426
263401984
52112865
166412645
206781402
247666472
206244672
128660837
206781415
193155919
37961414
263403786
127097023
206781406
263403811
242424871
35865497
45832109
207299029
52649533
219369225
162217485
87771852
173238278
207831478
54745696
129714951
260797947
10686361
38495219
20150585
44778879
248215260
52649551
173237581
167475454
130773904
167477772
52649547
261839476
167477366
180576324
167473816
149128429
180585865
52649564
129727779
198414835
121331576
180585063
167478124
52649555
52659824
167481417
52659820
71011303
59478772
109281355
127114141
6528635
260805654
127113936
167483500
149655340
180592620
116106183
260807322
197366896
260807619
197379419
260810317
107195032
187946670
215723322
207341537
248746103
200528988
207876075
110360088
116106095
242999577
107219238
139196211
251921456
215738858
185851073
173281156
149688054
186909064
206836167
200539150
246136752
12316293
173276282
205793001
246162959
248783003
143406068
243017139
200550020
248777924
200548604
114572449
217332235
203704047
114572377
200546939
261900631
200551129
261900461
205278683
114572403
191123281
114572662
201610324
242504261
75769663
139222915
205285722
203703280
198465853
114572652
205286057
225210603
205280846
261900853
201610378
77879001
203703583
225210590
242502865
225209672
87851737
2386945
87851730
150247761
247238593
87851659
36995833
205810478
94674261
247238807
87851756
205298840
150252282
247247956
83665733
203730958
203200763
178041627
12354438
205829900
205297523
203730972
207397535
205829661
178042421
193767656
13940547
178042194
178042430
203731026
178041921
178041869
205829906
178042439
205829904
227326580
178042482
137676419
137675321
178042489
247249283
55886475
137675537
137675541
137675369
137676509
21284912
137676504
23383685
137676203
137676921
137676428
246209066
71092007
137675299
237819237
214234034
115667335
247788323
247788646
108324598
201121651
137676513
247788699
107278644
214760217
214757478
176488082
10297936
247788420
80021389
126158085
243082353
247275270
225249714
76359080
253041020
143468129
143468298
262482056
40184664
202715453
106242035
192757872
115677940
164968515
164965404
140331433
246755238
174932071
228930728
164968086
243084989
202719601
192761524
243084656
176508941
248858613
261961817
248865886
247288733
262483955
164972793
225263759
246770166
178088896
192754653
240474641
261978801
206914169
261978823
261979037
178606776
261979001
261979157
108358268
261978845
202724634
261979084
222655805
261978931
53838886
261978851
261978932
261978937
179142419
205886057
138771951
179142316
53836822
261979052
53840242
53837414
54368341
254124238
257787201
261979067
53837553
53839813
261979142
53839583
173380362
230005869
120431463
253073394
192259825
261988228
248884068
244690356
214798971
205889379
192784272
36023947
230004864
192786153
45463834
111521985
57522629
199607003
205892589
245218785
242075879
52277277
207990670
207997494
115196180
248353725
244167141
190695872
178111489
263573593
263047165
263573576
263573581
261995759
263573701
263573936
54383608
263573515
190702768
262524753
263573578
253614654
54383631
263573516
263573803
263573693
150857989
195940874
190702979
253614911
196469884
190703501
136699272
83743179
190703156
253620976
165015382
154532108
54393665
161869519
54393642
249947528
154530131
54393674
154532215
161874320
154532335
225314670
144046174
150857577
54393657
262533668
215881061
144045034
228988486
109976728
130422290
215878052
41293717
228989781
212211917
130425293
31855083
212211925
102638291
228987720
251536737
251536925
251536661
130423003
251536952
251536700
251536679
251536923
242102470
248916220
95296908
251536707
199108529
251537022
245769955
245773668
215886021
215887031
202784141
251536998
202784158
253111307
214841295
202784196
199638230
202784240
69090355
253116073
202784251
202784229
202788110
251550541
202785989
216935800
245784317
202786108
206984985
202787474
198074821
263087695
161894761
206987830
206987459
202788159
206470218
198079078
206987457
83788044
210132074
202799211
14054194
263099547
202798804
91129745
254181075
187598558
245787203
116813643
253664020
205422991
263099604
164536069
41321260
246851142
186552167
246850985
246853057
153530111
206473684
212251743
263100423
246852873
251573204
263625495
199144320
212251981
199144679
7253439
253146662
212251999
54442554
212251749
212251398
246856195
263110063
246856167
246856721
212252157
162966789
129416808
54442551
162976249
80665479
246856779
212260370
54442572
93764811
144631305
208071217
14083682
208062183
251590785
206488185
38208053
31909260
94306870
162973658
251590836
221692672
41343279
205977423
104792902
107405220
204411091
104791896
31908911
247922159
104794757
164552469
113709617
113709632
250010817
113709695
199684298
113709643
92744455
199684319
217524778
262082309
204411099
92743919
225915740
16197757
204411026
217528573
208613149
26162099
263655215
242703693
243223165
204430928
150947006
150946988
178745135
146232045
253193479
253186947
247950409
12023133
140987470
204437759
204437685
259485900
204429541
177703093
177703051
49250760
177703356
253184152
251102827
242712795
177703395
204437406
189235633
177703463
177703256
177703412
242717078
204437733
2069457
107975641
109017703
74421745
177703021
177703218
207067802
242717741
209165158
242716498
247437307
209165145
209165308
257925319
16753510
146250691
243245471
221225764
23569151
208120165
262646337
261072979
248492481
248491779
248494132
248493276
242200601
208122526
242200678
68139092
249017750
248495222
93830430
248494625
206553450
190824033
204450798
206553272
206553261
248494657
248496686
248495488
206553980
248496424
206553432
206554056
206553948
244306095
247449409
206553308
221239902
206553412
206553941
259514222
206553965
206554060
190826135
206553302
163569558
87547798
163570578
163569552
87549039
183491790
163570467
87549360
195548070
176150593
163570619
210757803
163570657
163570579
87550755
200795801
87550859
74443873
200797942
163570490
87548845
87551805
46655824
210758473
252177965
87548184
200798555
200798631
200797882
87552652
200798618
121106476
87552969
153612232
200799409
87553797
200799084
200799123
200798638
87553574
200800397
87554029
210761027
200800257
245889367
87555783
87555421
200800067
7973548
7470553
7543425
9370172
7697454
9803081
7697522
7697437