87556401
250086235
87557001
87557157
87558163
87558397
87560124
13635619
262673016
262673273
221255334
87563213
9969307
205529304
87564818
111158140
33564005
166208944
245900784
155199093
203958134
166209502
253766925
213921058
181940296
203960672
203960697
203960707
203960840
203960845
203960841
203960851
203960855
203960862
203960914
203960916
203960952
203960964
36188812
203960975
203961026
203961052
203961125
203961147
203961169
252720992
143144978
250099753
250099921
250100139
53492237
88096885
220741858
246432064
144197460
144198306
124275744
144199447
246960313
255349730
147873300
83910574
147873788
262693032
248540527
70806893
42496586
252211869
186676376
249591076
243300456
192970180
250117849
250118468
166233431
203982877
33065672
129010866
210276664
102797694
210276967
175150254
175150267
262706662
210278015
210278452
210278471
230201510
111712435
210278948
210279181
210279196
249600827
178297848
210279490
249601277
210279841
249601462
210279892
249601697
210280121
36740931
210280335
249602001
249602668
83930047
203992149
203992243
203992328
203992378
89698759
12107818
249610710
174113468
190367084
203998899
203998915
203999042
203999080
203999095
252757905
144230422
104908913
108055389
136891407
138989666
262198965
52484184
2152895
249093147
54583105
183034117
114876967
202957538
114877982
144763130
213969882
213969881
155778757
239142056
254871744
254871760
254871792
36767996
11078812
63507919
260640691
226562217
262213883
46732905
35723131
35723368
197729017
197730935
114894597
116470301
116470590
177813776
208748014
208748025
262749764
162087391
262227178
82921009
74532664
205081143
12671823
206134891
196175015
207709582
262235674
57763788
254896486
254896507
254896526
251751008
254896768
254896809
254896794
254896832
254896847
254896890
254896904
254896992
254897050
208760933
242841242
249657398
204044482
252279274
249657975
139033619
108102585
35227126
222399161
172067531
222399232
207194970
263294035
249662613
70880515
204049817
206147376
206147399
206147748
17928527
239178180
172069313
206673684
135370586
39951047
248619617
168404037
198289547
63548262
229747995
11119985
7973548
262779574
251770063
262780647
198817566
242859748
251772917
251772966
251773322
204064320
204064369
204064371
204064409
204064447
204064488
204064542
205113157
113887120
204064755
204064746
204064846
204064868
204064908
204064916
204065025
204065053
204065056
204065101
204065506
205115266
253350227
262787489
262787502
205116826
34723602
242866154
218750573
34725666
74571640
107077858
77718785
35251478
248113986
127528127
248638676
24243874
229764828
25293276
251262713
251262923
127531945
251265261
251265281
251265271
251265307
251265309
251265341
251265337
251265358
207749479
207749486
251265401
251265412
251265414
251265476
7470553
251265495
251265500
251265507
248644380
229770132
13763748
251267028
251267032
251267048
200935495
127537280
242881295
258610145
242882260
84549047
10102128
212479704
212479746
212479743
212479761
262811657
63582317
206713368
73544502
205666051
184698105
262818198
189420388
205673512
153770931
45244396
63595377
54683588
262301764
162163898
63598759
207255107
214595306
63600586
185235526
262830165
202012916
207256868
19562427
205685450
205685551
248154660
229805345
229805444
262835627
36869362
205690661
262838603
205691354
262839195
242391973
262839280
205691936
215129246
215129265
215129295
215129302
215129303
215129312
215129358
215129353
215129351
215129375
215129393
215129437
215129440
215129445
215129477
215129479
215129516
215129524
215129534
215129548
215129560
215129541
215129617
215129592
215129611
215129629
215129627
215129641
215129650
205692600
134389899
252356056
252357193
207268453
252882714
91403505
207271258
262845891
262845989
262846146
204650196
262846190
261798479
252887336
100319951
91932472
198364422
217763386
193647601
195745514
171104261
204658727
204658871
209377538
91937597
209378834
207281745
91938807
91940010
97708090
207285065
209907468
14348102
162197629
209907945
196800922
209908200
209908633
209909083
258668703
91945133
38467919
261815158
207289508
210959895
197329296
129172465
206244672
197856197
197856522
91950879
10686361
206246426
262346337
247666472
195238171
242424871
7543425
215162868
207299029
207299276
52112865
10170131
263401984
128660837
263403786
263403811
206781402
206781406
206781415
162217485
37961414
166412645
207831478
35865497
44778879
87771852
129714951
219369225
193155919
45832109
127097023
54745696
261839476
52649533
52649547
52649551
52649564
52649555
121331576
180576324
38495219
173237581
173238278
167473816
130773904
260797947
248215260
167475454
20150585
129727779
109281355
167477366
167477772
180585063
167478124
149128429
180585865
52659820
52659824
71011303
149655340
167481417
248746103
198414835
59478772
260805654
197366896
167483500
260807322
127113936
127114141
260807619
6528635
180592620
116106095
116106183
260810317
107195032
215723322
246136752
197379419
207341537
200528988
187946670
185851073
242999577
215738858
12316293
207876075
110360088
139196211
200539150
173276282
186909064
251921456
107219238
248777924
149688054
173281156
206836167
200546939
248783003
200548604
243017139
246162959
200550020
205793001
75769663
200551129
143406068
217332235
114572377
114572403
114572449
114572652
114572662
203703280
203703583
203704047
261900461
261900631
261900853
242502865
205278683
191123281
242504261
201610324
201610378
205280846
77879001
198465853
139222915
205285722
205286057
205810478
2386945
225209672
225210590
225210603
87851659
87851737
87851730
87851756
36995833
12354438
247238593
247238807
205297523
203200763
150247761
205298840
94674261
207397535
83665733
193767656
150252282
203730958
203730972
203731026
178041627
178041869
178041921
247247956
178042194
205829661
178042421
178042430
178042439
178042482
178042489
205829900
205829904
205829906
13940547
247249283
227326580
137675299
137675321
137675369
55886475
137675537
137675541
137676203
137676419
137676428
137676509
137676504
137676513
71092007
21284912
137676921
23383685
237819237
246209066
201121651
108324598
214757478
107278644
115667335
247788323
247788420
214234034
247788646
247788699
214760217
176488082
126158085
80021389
225249714
253041020
115677940
247275270
106242035
10297936
243082353
76359080
143468129
143468298
262482056
40184664
164965404
243084656
243084989
246755238
262483955
202715453
192754653
228930728
164968086
164968515
261961817
174932071
192757872
225263759
202719601
206914169
248858613
164972793
140331433
192761524
176508941
178606776
247288733
202724634
240474641
248865886
246770166
108358268
178088896
222655805
7697437
7697454
7697522
261978801
261978823
261978845
261978851
261978931
261978932
261978937
261979001
261979037
261979052
261979067
261979084
261979142
261979157
53836822
138771951
53837414
179142316
53837553
179142419
53838886
257787201
53839583
53839813
53840242
205886057
173380362
214798971
248353725
253073394
9803081
54368341
230004864
230005869
205889379
261988228
254124238
120431463
192259825
192784272
248884068
205892589
244690356
36023947
192786153
207990670
52277277
111521985
244167141
45463834
57522629
261995759
245218785
115196180
199607003
178111489
263047165
242075879
190695872
207997494
262524753
263573515
263573516
263573576
263573578
263573581
263573593
263573693
263573701
263573803
263573936
83743179
195940874
54383608
54383631
253614654
253614911
136699272
196469884
190702768
249947528
190702979
190703156
150857577
190703501
150857989
161869519
165015382
154530131
262533668
253620976
144045034
144046174
154532108
154532215
154532335
54393642
54393657
54393665
54393674
161874320
225314670
215878052
31855083
228987720
215881061
130422290
228988486
41293717
212211917
212211925
130423003
228989781
109976728
95296908
130425293
102638291
251536679
251536661
251536700
251536707
251536737
251536925
251536923
251536952
251536998
251537022
245769955
199108529
215886021
248916220
253111307
215887031
216935800
242102470
245773668
214841295
69090355
199638230
202784141
202784158
202784196
202784229
202784240
202784251
253116073
202785989
202786108
202787474
202788110
202788159
161894761
206984985
251550541
210132074
245784317
206987457
206987459
198074821
206987830
263087695
245787203
116813643
198079078
14054194
202798804
202799211
206470218
254181075
83788044
205422991
41321260
187598558
91129745
206473684
186552167
263099547
263099604
263100423
253664020
263625495
164536069
246850985
246851142
162966789
246852873
7253439
246853057
153530111
212251398
199144320
251573204
212251743
212251749
199144679
212251981
212251999
212252157
253146662
246856167
246856195
54442551
54442554
54442572
246856721
246856779
93764811
263110063
129416808
206488185
221692672
208062183
162973658
162976249
212260370
41343279
80665479
250010817
164552469
107405220
31908911
31909260
144631305
14083682
208071217
199684298
199684319
205977423
251590785
251590836
9370172
247922159
104791896
38208053
94306870
104792902
104794757
262082309
263655215
204411026
204411091
204411099
113709617
113709632
113709643
113709695
16197757
92743919
217524778
92744455
208613149
225915740
26162099
217528573
150946988
150947006
253184152
243223165
140987470
146232045
253186947
204429541
242703693
204430928
247950409
253193479
178745135
259485900
12023133
204437406
204437685
204437733
204437759
109017703
242712795
189235633
49250760
251102827
177703021
177703051
177703093
177703218
177703256
177703356
177703395
177703412
177703463
242716498
242717078
2069457
107975641
242717741
74421745
247437307
207067802
209165145
209165158
146250691
209165308
257925319
243245471
23569151
221225764
16753510
261072979
208120165
262646337
204450798
248491779
242200601
242200678
248492481
208122526
248493276
249017750
248494132
68139092
248494625
248494657
248495222
93830430
248495488
190824033
206553261
206553272
206553302
206553308
248496424
206553412
206553432
206553450
248496686
206553941
206553948
206553965
206553980
206554056
206554060
190826135
247449409
244306095
195548070
176150593
221239902
183491790
259514222
163569552
87547798
163569558
87548184
163570467
163570490
163570579
163570578
87548845
163570619
163570657
87549039
87549360
200795801
210757803
46655824
87550755
210758473
87550859
74443873
252177965
200797882
200797942
87551805
153612232
121106476
200798555
200798618
200798638
200798631
87552652
200799084
200799123
87552969
200799409
210761027
87553574
87553797
200800067
87554029
200800257
200800397
245889367
87555421
87555783